H 1 1 1 0,255,0 0,0 Водород
He 2 2 2 255,0,255 7,0 Гелий
Li 3 3 3 0,255,0 0,1 Литий
Be 4 5 4 0,255,0 1,1 Бериллий
B 5 5 5  255,255,0 2,1 Бор
C 6 6 6 255,255,0 3,1 Углерод
N 7 7 7 255,255,0 4,1 Азот
O 8 8 8 255,255,0 5,1 Кислород
F 9 10 9 255,255,0 6,1 Фтор
Ne 10 10 10 255,0,255 7,1 Неон
Na 11 12 11 0,255,0 0,2 Натрий
Mg 12 12 12 0,255,0 1,2 Магний
Al 13 14 13 255,0,0 2,2 Алюминий
Si 14 14 14 255,255,0 3,2 Кремний
P 15 16 15 255,255,0 4,2 Фосфор
S 16 16 16 255,255,0 5,2 Сера
Cl 17 18 17 255,255,0 6,2 Хлор
Ar 18 22 18 255,0,255 7,2 Аргон
K 19 20 19 0,255,0 0,3 Калий
Ca 20 20 20 0,255,0 1,3 Кальций
Sc 21 24 21 0,255,0 2,3 Скандий
Ti 22 26 22 0,255,0 3,3 Титан
V 23 28 23 0,255,0 4,3 Ванадий
Cr 24 28 24 0,255,0 5,3 Хром
Mn 25 30 25 0,255,0 6,3 Марганец
Fe 26 30 26 0,255,0 7,3 Железо
Co 27 32 27 0,255,0 8,3 Кобальт
Ni 28 31 28 0,255,0 9,3 Никель
Cu 29 35 29 0,255,0 0,4 Медь
Zn 30 35 30 0,255,0 1,4 Цинк
Ga 31 39 31 0,255,0 2,4 Галлий
Ge 32 41 32 255,0,0 3,4 Германий
As 33 42 33 255,255,0 4,4 Мышьяк
Se 34 45 34 255,255,0 5,4 Селен
Br 35 45 35 255,255,0 6,4 Бром
Kr 36 48 36 255,0,255 7,4 Криптон
Rb 37 48 37 0,255,0 0,5 Рубидий
Sr 38 50 38 0,255,0 1,5 Стронций
Y 39 50 39 0,255,0 2,5 Иттрий
Zr 40 51 40 0,255,0 3,5 Цирконий
Nb 41 52 41 0,255,0 4,5 Ниобий
Mo 42 54 42 0,255,0 5,5 Молибден
Tc 43 55 43 0,255,0 6,5 Технеций
Ru 44 57 44 0,255,0 7,5 Рутений
Rh 45 58 45 0,255,0 8,5 Родий
Pd 46 60 46 0,255,0 9,5 Палладий
Ag 47 61 47 0,255,0 0,6 Серебро
Cd 48 64 48 0,255,0 1,6 Кадмий
In 49 66 49 255,0,0 2,6 Индий
Sn 50 69 50 255,0,0 3,6 Олово
Sb 51 71 51 255,0,0 4,6 Сурьма
Te 52 76 52 255,255,0 5,6 Теллур
I 53 74 53 255,255,0 6,6 Иод
Xe 54 77 54 255,0,255 7,6 Ксенон
Cs 55 78 55 0,255,0 0,7 Цезий
Ba 56 81 56 0,255,0 1,7 Барий
La 57 82 57 0,255,0 2,7 Лантан
Hf 72 106 72 0,255,0 3,7 Гафний
Ta 73 108 73 0,255,0 4,7 Тантал
W 74 110 74 0,255,0 5,7 Вольфрам
Re 75 111 75 0,255,0 6,7 Рений
Os 76 114 76 0,255,0 7,7 Осмий
Ir 77 115 77 0,255,0 8,7 Иридий
Pt 78 117 78 0,255,0 9,7 Платина
Au 79 118 79 0,255,0 0,8 Золото
Hg 80 120 80 0,255,0 1,8 Ртуть
Tl 81 123 81 0,255,0 2,8 Таллий
Pb 82 125 82 0,255,0 3,8 Свинец
Bi 83 126 83 255,0,0 4,8 Висмут
Po 84 126 84 255,0,0 5,8 Полоний
At 85 125 85 255,0,0 6,8 Астат
Rn 86 136 86 255,0,255 7,8 Радон
Fr 87 136 87 0,255,0 0,9 Франций
Ra 88 138 88 0,255,0 1,9 Радий
Ac 89 138 89 0,255,0 2,9 Актиний
Rf 104 157 104 0,255,0 3,9 Фезерфордий
Db 105 157 105 0,255,0 4,9 Дубний
Sg 106 157 106 0,255,0 5,9 Сиборгий
Bh 107 155 107 0,255,0 6,9 Борий
Hs 108 157 108 0,255,0 7,9 Хассий
Mt 109 157 109 0,255,0 8,9 Мейтнерий